**** Calibrating ****
mono pinhole calibration...
D = [0.10909452195318019, -0.1668159374889521, 0.010159562128338425, 0.007230218061693857, 0.0]
K = [494.6260853026115, 0.0, 328.4972935703646, 0.0, 492.2567175061499, 250.78613557452465, 0.0, 0.0, 1.0]
R = [1.0, 0.0, 0.0, 0.0, 1.0, 0.0, 0.0, 0.0, 1.0]
P = [502.9975891113281, 0.0, 332.99082016396824, 0.0, 0.0, 502.07965087890625, 254.55574428219552, 0.0, 0.0, 0.0, 1.0, 0.0]
None
# oST version 5.0 parameters

[image]

width
640

height
480

[narrow_stereo]

camera matrix
494.626085 0.000000 328.497294
0.000000 492.256718 250.786136
0.000000 0.000000 1.000000

distortion
0.109095 -0.166816 0.010160 0.007230 0.000000

rectification
1.000000 0.000000 0.000000
0.000000 1.000000 0.000000
0.000000 0.000000 1.000000

projection
502.997589 0.000000 332.990820 0.000000
0.000000 502.079651 254.555744 0.000000
0.000000 0.000000 1.000000 0.000000